"ID"	"Observed_species"	"Chao1"	"ACE"	"Shannon"	"Simpson"	"Pielou_J"	"Good_coverage"
"Disease1"	1351	1451.67567567568	1456.40056687761	4.76211917602308	0.983089222307395	0.660616340587777	0.9998438620615
"Disease2"	1007	1097.36842105263	1068.26726104159	4.67045163449998	0.980988529077382	0.675435054084046	0.999861668843348
"Disease3"	1521	1780.88461538462	1773.88399115241	4.925523008857	0.984200601326219	0.672231490093875	0.999756092965219
"Disease4"	1609	1947.29591836735	1839.74052455248	4.88095752275346	0.979132683793904	0.661074651240534	0.999734689092637
"Disease5"	1768	2105.58709677419	2090.95357279562	5.14465591981381	0.984688415986789	0.688008585703627	0.99966038163042
"Disease6"	1917	2049.34319526627	2039.40741093732	4.93166944433944	0.982105856617855	0.652465240468894	0.999752154907859
"Disease7"	1666	1830.2625698324	1848.5853928576	4.28614083802905	0.944106997523935	0.577788670895938	0.999754908388185
"Disease8"	1540	1722.875	1708.08946762212	4.81750013109132	0.973263797951744	0.656376509123404	0.999770309808318
"Disease9"	1603	1796.68595041322	1746.07763458685	4.87534808329811	0.986217081104173	0.66064920072935	0.999768613053849
"Disease10"	1170	1313.30769230769	1315.41791103789	4.29157024393207	0.970827036574472	0.607461659633346	0.999834581122643
"Disease11"	2275	2337.34817813765	2353.2575248525	4.97602219744525	0.982187124849959	0.643750656926261	0.999791723124295
"Disease12"	1482	1844.52631578947	1883.92463090138	5.2309312106829	0.986781266580588	0.716453268688428	0.999707101268719
"Disease13"	1368	1494.61165048544	1477.22469753052	4.36058896142202	0.976035520166272	0.60386726160786	0.999826474803499
"Disease14"	1252	1334.6	1323.13010645545	4.98146272236806	0.986545418747504	0.698417726229525	0.99987286759427
"Disease15"	1382	1511.29577464789	1458.91262928169	4.06510923925353	0.966913064218819	0.56215570434706	0.999835120337906
"Disease16"	1388	1653.46153846154	1593.42736711822	4.90659557508396	0.97870265763684	0.678116893582182	0.999793208312215
"Disease17"	1492	1851.43661971831	1904.28777299623	4.80967722370547	0.984112637761739	0.658150103045833	0.999667142375688
"Disease18"	1131	1328.4358974359	1303.17489569326	4.58513323269901	0.974774805036524	0.652144243895534	0.999823322086847
"Disease19"	1249	1346.12765957447	1372.06309615959	3.67730608180956	0.914467403798285	0.515744077951708	0.999829073206092
"Disease20"	1479	1644.648	1668.1801824683	4.89167653363712	0.982258517098221	0.670173329574984	0.999790330753237
"Disease21"	1173	1251.76388888889	1236.40451858488	4.43626497561507	0.961278223850154	0.627715324991313	0.999884674042498
"Disease22"	1529	1699.1654676259	1704.46217748037	4.81203073306203	0.982605778484032	0.656272290431168	0.999742425781998
"Disease23"	1317	1454.8407079646	1460.01593387194	4.65259241011272	0.980713393210407	0.647712663160114	0.999820716465623
"Disease24"	1705	2054.75471698113	2031.39162268816	5.43087620924444	0.992356937751349	0.729826956080106	0.999630684582519
"Disease25"	1649	1869.76335877863	1847.71052392875	4.47594227630617	0.978694102255438	0.604210043382252	0.999734290915065
"Disease26"	1533	1738	1681.57782373726	4.24849756755072	0.974002588970055	0.579210369938115	0.999777656412238
"Disease27"	2019	2448.19459459459	2386.83282744837	4.8327831330616	0.979872317422552	0.635027074343058	0.999574828119739
"Disease28"	1323	1516.8	1428.3806561507	4.55037665548791	0.978678442631106	0.633082039333496	0.99982875907409
"Disease29"	1423	1540.65217391304	1547.09581696272	5.08484936786573	0.987173947409633	0.700342062044334	0.999705272408675
"Disease30"	1372	1591.61333333333	1508.74386215008	4.79510439403584	0.983587532105538	0.663771861433247	0.999815508441502
"Disease31"	1277	1421.72115384615	1414.35107296621	4.04120702848744	0.957730575400731	0.565024485213375	0.999824130151774
"Disease32"	1146	1323.66	1296.81944975976	4.06616112149093	0.953060288751303	0.577249024924928	0.999810452396975
"Disease33"	1438	1914.59375	1774.48782995583	4.88017227393436	0.985030851945359	0.671182305486348	0.999694765684813
"Disease34"	1298	1513.0625	1468.26524075508	4.49910173287472	0.974418071261804	0.627614087776555	0.999769304042389
"Control1"	814	974.875	970.665134822403	3.28058597673396	0.943605868233103	0.489496475296332	0.999813794227104
"Control2"	1411	1596.0625	1592.03337854389	4.87800433786978	0.979154305315376	0.6726376238036	0.999809288555497
"Control3"	1303	1398.28409090909	1393.52054398898	4.29655197479688	0.964694220012517	0.599037595808251	0.999840838219396
"Control4"	1200	1348.09278350515	1333.69045720214	4.50783729017535	0.980214125491801	0.635795266340285	0.999817690655359
"Control5"	1706	1966.27516778523	1988.39878152868	4.60822512703199	0.967498115521858	0.619226401973259	0.999715595170622
"Control6"	1318	1425.0487804878	1396.03640126374	4.26213287837791	0.972048015804059	0.593291979690208	0.999835437994769
"Control7"	1909	2138.16267942584	2093.49112622794	4.59738886394086	0.971724535575433	0.608576263988449	0.99964146762337
"Control8"	1813	2223.26548672566	2041.31852715076	4.02378699343488	0.925230820791395	0.536309128801396	0.99968178617074
"Control9"	1362	1515.38144329897	1494.82514673613	4.02062220364353	0.962528264282265	0.557126791794522	0.99978197335538
"Control10"	1640	1846.02247191011	1788.42569496333	5.16904976817156	0.988057294116587	0.698288905186938	0.999784998734628
"Control11"	1504	1638.88461538462	1623.99062125933	4.48117534987317	0.969305143663928	0.612526887164183	0.99982066954307
"Control12"	1507	1886.53488372093	1757.3914549439	3.81436484034379	0.955915240074337	0.521239323652362	0.999683446867917
"Control13"	1388	1588.32894736842	1511.57451357614	3.9599048385308	0.962745084619003	0.547279335925216	0.999759005947733
"Control14"	1506	1622.64130434783	1606.29239324805	4.77538381630257	0.981692179688572	0.652623369364916	0.999845876407557
"Control15"	1457	1545.208	1556.29810983165	4.46048755451324	0.972897116131869	0.612356535565427	0.999820635144196
"Control16"	1372	1571.89655172414	1535.63537755207	5.28477233681326	0.988698684391442	0.731555120180612	0.999810424810628
"Control17"	1512	2039	1976.57293920728	4.40021090913505	0.962654530650752	0.601024119927148	0.999648220781177
"Control18"	1079	1141.29591836735	1147.5639039482	4.04165698161204	0.963519495569153	0.578719721199784	0.999888052589061
"Control19"	1223	1350.99065420561	1347.8982632154	3.28158049342325	0.914335875787851	0.461605262521179	0.999831291211695
"Control20"	1840	2087.57352941176	2043.82796634099	4.98565909149784	0.983055015572453	0.663205222915731	0.99967261005339
"Control21"	1630	1777.71428571429	1775.60778800841	5.00954204282804	0.983846524449083	0.677300560863805	0.999801358370631
"Control22"	1470	1630.8	1632.58942984485	4.80691527363146	0.977635007933146	0.659111973218365	0.999675177238489
"Control23"	1522	1677.04098360656	1674.20713243301	4.57337795988475	0.977109986125891	0.624115028541757	0.999780035577835
"Control24"	1456	1649.14705882353	1606.99747478901	4.23213987342634	0.967963207775281	0.581062669837747	0.999749666011689
"Control25"	1729	1999.47413793103	1949.28310749417	4.68062135588871	0.97787698142098	0.627824810083339	0.999719745023799
"Control26"	1046	1186.58139534884	1182.7402716555	4.5804548408826	0.972860625386502	0.65879959869047	0.999410718130617
"Control27"	2040	2645.27932960894	2603.73889701617	5.14165269401238	0.983203055761344	0.674695141121855	0.999516350166631
"Control28"	1587	1915.66935483871	1953.85394669265	5.25565895640687	0.985696989199666	0.71315382687808	0.999705760106009
"Control29"	1819	1949.00694444444	1931.54114203596	4.85744249346931	0.980490945030889	0.647137649635255	0.999781830286455
"Control30"	1632	1955.75	1913.06373694474	4.98828872530999	0.983531932321694	0.674315272857897	0.999670181349516
"Control31"	1373	1531.625	1523.0739829322	4.68568714380012	0.975652295354159	0.648560148787811	0.999808148511324
"Control32"	1209	1380.11111111111	1349.85812946825	3.79537013331029	0.956589245310205	0.534743784536479	0.999740140855468
"Control33"	1851	2232.92452830189	2205.97109310476	5.34947928348654	0.989767048785684	0.71103775781915	0.999532472403815
"Control34"	1629	2197.875	2195.01211609931	5.13318234101031	0.984017037247158	0.694074576176562	0.999625488257032
